1941    0.13
1942    0.09
1943    0.13
1944    0.25
1945    0.12
1946    -0.04
1947    -0.05
1948    -0.09
1949    -0.09
1950    -0.18
1951    -0.07
1952    0.01
1953    0.08
1954    -0.12
1955    -0.15
1956    -0.20
1957    0.04
1958    0.07
1959    0.03
1960    -0.03
1961    0.05
1962    0.03
1963    0.06
1964    -0.20
1965    -0.10
1966    -0.05
1967    -0.02
1968    -0.07
1969    0.07
1970    0.02
1971    -0.09
1972    0.01
1973    0.15
1974    -0.08
1975    -0.02
1976    -0.12
1977    0.18
1978    0.07
1979    0.17
1980    0.27
1981    0.33
1982    0.13
1983    0.30
1984    0.15
1985    0.11
1986    0.19
1987    0.33
1988    0.40
1989    0.29
1990    0.44
1991    0.42
1992    0.23
1993    0.24
1994    0.32
1995    0.45
1996    0.35
1997    0.48
1998    0.64
1999    0.42
2000    0.42
2001    0.55
2002    0.63
2003    0.62
2004    0.54
2005    0.69
2006    0.63
2007    0.66
2008    0.54
2009    0.65
2010    0.72
2011    0.60
2012    0.63
2013    0.65
2014    0.74
2015    0.86
2016    0.98